-1580.23469195 -4248.43448941 -2427.13370708 -1794.94144724 -4855.83663744 -2444.47187267
-1794.94144724 -4855.83663744 -2444.47187267 -1732.67566112 -4738.28497777 -1832.54310482
-1732.67566112 -4738.28497777 -1832.54310482 -1567.94814473 -4281.97824384 -1718.72579706
-1567.94814473 -4281.97824384 -1718.72579706 -1581.27838848 -4251.71487712 -2423.82306134
-1237.1629347  -3327.4734266  -1885.88399273 -1567.39142775 -4281.14507344 -1710.99818688
-1567.39142775 -4281.14507344 -1710.99818688 -1421.41635698 -3889.79876507 -1475.34118695
-1421.41635698 -3889.79876507 -1475.34118695 -1099.3258821  -2963.69433122 -1603.8121557
-1099.3258821  -2963.69433122 -1603.8121557 -1226.30882384 -3296.74887653 -1885.19843107
-1279.28030816 -3343.91775466 -2953.01627743 -1584.25636786 -4259.28529065 -2432.91107767
-1584.25636786 -4259.28529065 -2432.91107767 -1228.71606931 -3303.60270102 -1884.93955661
-1228.71606931 -3303.60270102 -1884.93955661 -943.31240286 -2464.06977008 -2194.67047729
-943.31240286 -2464.06977008 -2194.67047729 -1263.59806786 -3301.83428518 -2928.12162528
